Table 1.  Summary of Basal Crop Coefficient Curves used for the Idaho Evapotranspiration Calculations																																																														
60	curves	Normalized Cumulative Growing Degree-Day from Planting to Effective Full Cover																			Kcb as a function of Percent Time from Planting or Greenup to Effective Full Cover																	Kcb as a function of percent time from greenup to end of season																								
Curve no.:		1	2	3	4	5	6	7	8	9	10	11	12	13	14	15	16	17	18	19	20	21	22	23	24	25	26	27	28	29	30	31	32	33	34	35	36	37	38	39	40	41	42	43	44	45	46	47	48	49	50	51	52	53	54	55	56	57	58	59	60	61
Curve type: '1=NCGDD: 2=%PL-EC: 3=%PL-EC+daysafter: 4=%PL-Term		1	1	1	1	1	1	1	1	1	1	1	1	1	1	1	1	1	1	1	2	2	2	2	2	2	2	2	2	2	3	3	3	3	3	3	3	4	4	4	4	2	2	1	1	3	3	3	1	1	1	1	1	1	1	3	1	2	1	1	3	3
Percent PL-EC or PL-TM (type 1-2-4)	Percent PL-EC+ days after (type 3)	Spring wheat	Winter Wheat	"Peas, seed"	"Peas, fresh"	Sugar Beets	Potatoes (baking)	Potatoes-processing	Field Corn	Sileage Corn	Sweet Corn	Snap Beans-dry	Snap Beans-fresh	Alfalfa 1st cycle	Alfalfa Int cycle	Alfalfa Last cycle	"Alfalfa, peak"	Lentils	Mint	Grass Hay	Onions	Winegrapes	Melons	Hops	Apples w/GC	Apples no GC	Garlic	Canola	Sunflower/Safflower	Lawn	Pasture Rotated	Pasture Low Manag.	BlueGrass Seed	Alfalfa Seed	Poplar	Wetlands-Large stand	Wetlands-Small Stand	Sagebrush	Cheatgrass	Bunchgrass	Bromegrass	Cottonwood	Willow	Cotton	Peppers	Sorghum	Nuts	Olives	Strawberries	Blueberries	Raspberries	Rice	Soybeans	Millet	Tomatoes	Oranges	Lettuce	Cranberries	Sugarcane	Cabbage	Christmas Trees	Pasture Mid Manag.
-----------	-----------	-----------	-----------	-----------	-----------	-----------	-----------	-----------	-----------	-----------	-----------	-----------	-----------	-----------	-----------	-----------	-----------	-----------	-----------	-----------	-----------	-----------	-----------	-----------	-----------	-----------	-----------	-----------	-----------	-----------	-----------	-----------	-----------	-----------	-----------	-----------	-----------	-----------	-----------	-----------	-----------	-----------	-----------	-----------	-----------	-----------	-----------	-----------	-----------	-----------	-----------	-----------	-----------	-----------	-----------	-----------	-----------	-----------	-----------	-----------	-----------	-----------
0	0	0.15	0.12	0.12	0.12	0.15	0.15	0.15	0.15	0.15	0.15	0.15	0.15	0.25	0.25	0.25	0.35	0.15	0.35	0.20	0.15	0.16	0.15	0.10	0.15	0.15	0.15	0.15	0.15	0.15	0.29	0.22	0.15	0.35	0.10	0.20	0.20	0.15	0.05	0.05	0.05	0.15	0.15	0.13	0.13	0.17	0.17	0.46	0.15	0.15	0.15	0.15	0.15	0.15	0.15	0.71	0.17	0.17	0.13	0.17	0.79	0.25
10	10	0.15	0.12	0.14	0.14	0.15	0.15	0.15	0.15	0.15	0.15	0.16	0.16	0.51	0.33	0.29	0.51	0.15	0.51	0.46	0.15	0.18	0.15	0.10	0.20	0.15	0.15	0.15	0.15	0.25	0.35	0.26	0.20	0.50	0.19	0.27	0.33	0.30	0.30	0.20	0.40	0.20	0.15	0.13	0.13	0.17	0.17	0.47	0.15	0.15	0.15	0.15	0.16	0.15	0.15	0.71	0.17	0.17	0.15	0.17	0.79	0.29
20	20	0.20	0.15	0.15	0.15	0.16	0.15	0.15	0.15	0.15	0.15	0.19	0.19	0.73	0.45	0.38	0.73	0.18	0.73	0.68	0.15	0.22	0.17	0.10	0.24	0.18	0.15	0.15	0.15	0.38	0.42	0.32	0.25	0.60	0.27	0.36	0.45	0.35	0.60	0.45	0.70	0.24	0.18	0.13	0.14	0.17	0.17	0.48	0.15	0.15	0.15	0.20	0.19	0.20	0.15	0.71	0.21	0.17	0.15	0.21	0.79	0.36
30	30	0.28	0.20	0.16	0.16	0.17	0.17	0.17	0.17	0.17	0.17	0.23	0.23	0.84	0.80	0.56	0.84	0.25	0.84	0.79	0.24	0.26	0.20	0.12	0.33	0.25	0.24	0.19	0.19	0.48	0.50	0.38	0.36	0.67	0.36	0.45	0.60	0.35	0.60	0.55	0.80	0.33	0.25	0.13	0.17	0.19	0.19	0.48	0.17	0.17	0.17	0.28	0.23	0.28	0.17	0.71	0.33	0.25	0.17	0.33	0.79	0.44
40	40	0.40	0.27	0.20	0.20	0.18	0.23	0.23	0.19	0.19	0.19	0.38	0.38	0.90	0.93	0.79	0.90	0.36	0.90	0.85	0.33	0.37	0.24	0.13	0.44	0.35	0.33	0.29	0.29	0.59	0.59	0.44	0.46	0.73	0.44	0.55	0.74	0.35	0.50	0.55	0.80	0.44	0.35	0.15	0.21	0.25	0.25	0.49	0.23	0.23	0.23	0.40	0.38	0.40	0.23	0.71	0.48	0.33	0.19	0.48	0.79	0.50
50	50	0.50	0.40	0.32	0.32	0.21	0.35	0.35	0.28	0.28	0.28	0.49	0.49	0.98	0.99	0.91	0.98	0.45	0.98	0.93	0.41	0.56	0.31	0.32	0.55	0.44	0.41	0.66	0.56	0.65	0.70	0.53	0.56	0.79	0.53	0.64	0.87	0.33	0.15	0.55	0.77	0.55	0.44	0.18	0.33	0.33	0.33	0.50	0.35	0.35	0.35	0.50	0.49	0.50	0.35	0.71	0.58	0.42	0.28	0.58	0.79	0.61
60	60	0.59	0.72	0.46	0.46	0.40	0.48	0.48	0.42	0.42	0.42	0.60	0.60	1.00	1.00	0.96	1.00	0.53	1.00	0.95	0.52	0.65	0.44	0.55	0.66	0.57	0.52	0.85	0.75	0.70	0.74	0.55	0.64	0.82	0.61	0.73	1.00	0.31	0.10	0.45	0.70	0.66	0.57	0.28	0.50	0.48	0.48	0.51	0.48	0.48	0.48	0.59	0.60	0.59	0.48	0.71	0.67	0.50	0.42	0.67	0.79	0.63
70	70	0.82	0.93	0.63	0.63	0.57	0.62	0.62	0.54	0.54	0.54	0.74	0.74	1.00	0.99	1.00	1.00	0.74	1.00	0.95	0.62	0.65	0.56	0.69	0.77	0.66	0.62	0.95	0.85	0.70	0.77	0.58	0.70	0.83	0.70	0.82	1.17	0.30	0.08	0.30	0.55	0.77	0.66	0.40	0.63	0.64	0.63	0.52	0.62	0.62	0.62	0.82	0.74	0.82	0.62	0.71	0.73	0.58	0.54	0.73	0.79	0.66
80	80	0.95	0.99	0.77	0.77	0.73	0.69	0.69	0.73	0.73	0.73	0.86	0.86	0.99	0.97	0.99	1.00	0.86	0.99	0.94	0.71	0.65	0.65	0.79	0.84	0.72	0.71	0.97	0.87	0.70	0.80	0.60	0.75	0.84	0.78	0.92	1.31	0.30	0.05	0.15	0.35	0.80	0.72	0.58	0.72	0.80	0.77	0.53	0.67	0.67	0.67	0.95	0.86	0.95	0.69	0.71	0.79	0.67	0.73	0.79	0.79	0.68
90	90	0.99	1.03	0.85	0.85	0.88	0.74	0.74	0.86	0.86	0.86	0.94	0.94	0.97	0.96	0.96	1.00	0.89	0.97	0.92	0.75	0.65	0.65	0.87	0.87	0.75	0.75	0.97	0.87	0.70	0.80	0.60	0.78	0.84	0.87	0.99	1.41	0.28	0.05	0.05	0.20	0.83	0.75	0.79	0.77	0.91	0.82	0.53	0.67	0.75	0.75	0.96	0.94	0.99	0.74	0.71	0.82	0.75	0.86	0.82	0.79	0.68
100	100	1.03	1.03	0.92	0.92	1.03	0.77	0.77	0.96	0.96	0.96	0.95	0.95	0.96	0.94	0.94	1.00	0.93	0.96	0.91	0.75	0.65	0.65	0.96	0.90	0.75	0.75	0.97	0.87	0.70	0.80	0.60	0.80	0.85	0.95	1.05	1.50	0.15	0.05	0.05	0.05	0.85	0.75	0.93	0.82	0.93	0.83	0.54	0.67	0.83	0.83	0.96	0.95	1.03	0.77	0.71	0.83	0.83	1.00	0.83	0.79	0.68
110	0	1.03	1.03	0.92	0.92	1.03	0.77	0.77	0.96	0.96	0.96	0.95	0.95				1.00	0.93	0.25	0.50	0.75	0.65	0.65	1.00	0.90	0.75	0.75	0.97	0.87	0.70	0.80	0.60	0.80	0.85	0.95	1.05	1.50					0.85	0.75	0.94	0.85	0.93	0.83	0.54	0.67	0.83	0.83	0.96	0.95	1.03	0.77	0.71	0.83	0.83	0.96	0.83	0.79	0.68
120	10	1.03	1.03	0.92	0.92	1.03	0.77	0.76	0.96	0.96	0.95	0.95	0.95				1.00	0.93	0.33	0.55	0.75	0.65	0.65	1.00	0.90	0.75	0.75	0.97	0.87	0.70	0.80	0.60	0.80	0.85	1.00	1.05	1.50					0.85	0.75	0.94	0.88	0.93	0.83	0.54	0.67	0.83	0.83	0.96	0.95	1.03	0.76	0.71	0.83	0.83	0.92	0.83	0.79	0.68
130	20	1.03	1.03	0.91	0.91	1.03	0.75	0.72	0.96	0.96	0.94	0.93	0.93				1.00	0.93	0.45	0.70	0.75	0.65	0.65	1.00	0.90	0.75	0.65	0.97	0.87	0.70	0.80	0.60	0.80	0.85	1.00	1.05	1.50					0.85	0.75	0.94	0.88	0.93	0.83	0.54	0.67	0.83	0.83	0.96	0.93	1.03	0.72	0.69	0.83	0.83	0.88	0.83	0.78	0.68
140	30	1.03	1.02	0.84	0.84	1.02	0.72	0.70	0.96	0.96	0.93	0.90	0.90				1.00	0.93	0.75	0.75	0.75	0.65	0.65	0.97	0.90	0.75	0.56	0.96	0.86	0.70	0.80	0.60	0.77	0.85	1.00	1.05	1.50					0.85	0.75	0.94	0.88	0.93	0.83	0.54	0.67	0.83	0.83	0.96	0.90	1.03	0.70	0.68	0.83	0.83	0.83	0.83	0.77	0.68
150	40	1.03	1.00	0.78	0.78	1.01	0.70	0.68	0.94	0.94	0.90	0.85	0.85				1.00	0.93	0.75	0.75	0.75	0.65	0.65	0.89	0.90	0.75	0.47	0.81	0.71	0.70	0.80	0.60	0.72	0.83	1.00	1.05	1.50					0.85	0.75	0.94	0.85	0.93	0.83	0.54	0.67	0.83	0.83	0.96	0.85	1.03	0.68	0.68	0.83	0.83	0.79	0.83	0.76	0.68
160	50	1.03	0.72	0.71	0.71	0.99	0.68	0.65	0.90	0.90	0.86	0.75	0.75				1.00	0.93	0.75	0.75	0.75	0.65	0.65	0.71	0.90	0.75	0.38	0.58	0.48	0.70	0.80	0.60	0.65	0.81	1.00	1.05	1.50					0.85	0.75	0.94	0.83	0.93	0.83	0.54	0.67	0.83	0.83	0.96	0.75	1.03	0.65	0.65	0.83	0.83	0.75	0.83	0.73	0.68
170	60	1.01	0.43	0.65	0.65	0.97	0.66	0.63	0.86	0.86	0.82	0.64					1.00	0.91	0.75	0.75	0.65	0.65	0.65	0.52	0.90	0.75		0.36	0.31	0.70	0.80	0.60	0.20	0.79	1.00	1.05	1.50					0.85	0.75	0.92	0.79	0.91	0.83	0.54	0.66	0.83	0.83	0.96	0.64	1.01	0.63	0.63	0.83	0.83	0.71	0.83	0.71	0.68
180	70	0.97	0.25	0.58		0.95	0.64	0.59	0.82	0.82		0.49					1.00	0.87	0.75	0.75	0.56	0.65	0.65	0.30	0.90	0.75		0.25	0.20	0.70	0.80	0.60	0.15	0.70	1.00	1.05	1.50					0.85	0.75	0.90	0.75	0.87	0.83	0.54	0.65	0.83	0.83	0.96	0.49	0.97	0.59	0.65	0.83	0.83	0.67	0.83	0.73	0.68
190	80	0.88	0.15	0.52		0.91	0.61	0.54	0.78	0.78		0.34					1.00	0.79	0.75	0.70	0.47	0.60	0.65	0.26	0.90	0.75		0.10	0.10	0.70	0.80	0.59	0.15	0.57	1.00	1.05	1.50					0.85	0.75	0.88		0.83	0.83	0.54	0.64	0.83	0.83	0.88	0.34	0.88	0.54	0.68	0.83	0.83	0.63	0.83	0.76	0.67
200	90	0.64	0.10	0.45		0.87	0.58	0.40	0.73	0.73		0.19					1.00	0.58	0.75	0.70	0.38	0.60	0.65	0.22	0.90	0.75				0.70	0.79	0.58	0.15	0.45	0.96	1.05	1.50					0.85	0.75	0.81		0.77	0.83	0.54	0.63	0.83	0.83	0.64	0.19	0.64	0.40	0.68	0.83	0.83	0.58	0.83	0.77	0.66
210	100	0.41	0.05	0.38		0.82	0.54	0.10	0.65	0.65		0.08					1.00	0.37	0.75	0.70		0.60	0.65		0.90	0.75				0.70	0.77	0.57	0.15	0.40	0.92	1.05	1.50					0.85	0.75	0.72		0.74	0.83	0.54	0.63	0.83	0.83	0.41	0.08	0.41	0.10	0.69	0.83	0.83		0.83	0.78	0.64
220	110	0.28		0.31		0.77	0.48		0.44	0.20							1.00	0.25	0.75	0.65		0.60	0.65		0.73	0.70				0.70	0.75	0.56	0.15	0.40	0.88	1.05	1.50					0.73	0.70	0.60		0.71	0.83	0.53	0.62	0.83	0.83	0.38		0.28		0.71	0.83	0.83		0.83	0.79	0.63
230	120	0.16		0.27		0.73	0.16		0.22	0.10							1.00	0.16	0.75	0.65		0.60	0.65		0.55	0.55				0.70	0.70	0.54	0.19		0.84	1.05	1.50					0.70	0.65	0.48			0.83	0.53	0.61	0.79	0.79	0.38		0.16		0.71	0.79	0.79		0.79	0.79	0.62
240	130	0.10		0.22		0.69	0.10		0.13	0.10							1.00	0.10	0.75	0.65		0.60	0.65		0.55	0.55				0.70	0.65	0.52	0.27		0.81	1.05	1.50					0.70	0.65				0.83	0.52	0.60	0.75	0.75	0.38		0.10		0.71	0.73	0.75		0.73	0.79	0.59
250	140	0.05		0.18		0.63													0.75	0.60		0.60	0.65		0.55	0.55				0.70	0.60	0.50	0.35		0.77	1.05	1.50					0.70	0.65				0.83	0.51	0.59	0.71	0.71	0.38		0.05		0.71	0.63	0.71		0.63	0.79	0.57
260	150			0.14		0.57													0.75	0.55		0.60	0.65		0.55	0.55				0.70	0.55	0.40	0.42		0.73	1.05	1.50					0.70	0.65				0.83	0.50	0.58	0.67	0.67					0.71		0.67			0.79	0.45
270	160			0.10		0.10													0.75	0.50		0.60	0.65		0.55	0.55				0.70	0.50	0.30	0.48		0.68	1.05	1.50					0.70	0.65				0.83	0.49	0.58	0.63	0.63					0.71		0.63			0.79	0.34
280	170																			0.45											0.40	0.30	0.53		0.60	1.05	1.50										0.83	0.48	0.42	0.58	0.58					0.71		0.58			0.79	0.34
290	180																			0.45											0.40	0.30	0.56		0.55	1.05	1.50										0.83	0.48	0.33	0.50	0.50					0.71		0.54			0.79	0.34
300	190																			0.45											0.40	0.30	0.59		0.50	1.05	1.50										0.83	0.47	0.25	0.42	0.42					0.71		0.50			0.79	0.34
	200																														0.40	0.30	0.60		0.50	1.05	1.50										0.83	0.46								0.71		0.46			0.79	0.34
	210																														0.40	0.30	0.60		0.50	1.05	1.50										0.83	0.45								0.71		0.42			0.79	0.34
	220																														0.40	0.30	0.60		0.50												0.83	0.44								0.71		0.38			0.79	0.34
	230																														0.40	0.30	0.60														0.83	0.43								0.71		0.33			0.79	0.34
GDD Base C		0	0	0	0	5	5	5	10-corn	10-corn	10-corn	5	5	0	0	0	0	0	0	0																																										
GDD Type	1=simple 2=corn	1	1	1	1	1	1	1	2	2	2	1	1	1	1	1	1	1	1	1																																										
CGDD Planting to FC		935	1350	635	635	710	780	780	510	510	510	670	670	— 	— 	— 	700	935	1400	1300																																										
CGDD Planting to Terminate		2160	2608	1616	1000	1843	1850	1600	1200	1000	800	1350	950	850	1050	1050	— 	2160	4000	4000																																										
CGDD Planting to Terminate-alt														700	850	850																																														
Comment:														first value is for ‘beef hay’ and second for ‘dairy hay’			begin to reduce 1%/day after first -2C min.temp in fall- then frost		use First Cycle Alfalfa	One cutting of grass hay (at 100% pt)- then hold until frost		go until frost	go until frost		go until frost	go until frost				go until frost	run until frost	run until frost			run until frost	run until frost	run until frost	assume that end of season is equal to July 15 + (July 15 - Greenup)  (I.e. symmetry around July 15)																								
Comment 2:																	use First Cycle Alfalfa		Est. GU_mint as 600 GDD																			Estimate greenup from 30 day Tmean = 5 C (at end of 30 day period) less X days (10?)																								
																																										go until frost	go until frost																			
																																						Note that these Kcbr curves are POTENTIAL Kc's and MUST be used with a 																								
																																						soil water balance and stress reduction coefficient to derive ACTUAL ET.																								
